1 1.000000 1.000000
2 2.000000 2.000000
3 2.000000 1.000000
4 3.000000 2.500000
5 3.600000 2.200000
6 4.500000 2.500000
7 4.571429 2.428571
8 4.625000 2.250000
9 5.000000 2.777778
10 5.600000 2.800000
11 5.000000 2.545455
12 9.583333 3.500000
13 5.769231 3.076923
14 7.785714 3.071429
15 6.733333 3.133333
16 7.875000 3.500000
17 10.058824 3.588235
18 9.888889 3.277778
19 9.842105 3.684211
20 10.850000 3.600000
21 10.428571 3.428571
22 9.363636 3.454545
23 10.739130 3.652174
24 11.625000 4.125000
25 14.040000 3.880000
26 12.500000 4.230769
27 12.000000 4.296296
28 13.464286 4.000000
29 14.172414 3.896552
30 13.533333 4.366667
31 18.032258 3.903226
32 16.937500 4.406250
33 14.575758 4.333333
34 17.882353 4.264706
35 18.685714 4.600000
36 17.972222 4.666667
37 21.000000 4.621622
38 19.236842 4.552632
39 18.717949 4.846154
40 21.350000 4.450000
41 22.024390 4.804878
42 23.642857 4.833333
43 23.186047 4.720930
44 23.409091 4.795455
45 22.644444 4.400000
46 25.543478 4.782609
47 21.255319 4.595745
48 26.583333 4.562500
49 25.918367 4.551020
50 25.000000 4.900000
51 27.529412 4.784314
52 25.942308 5.019231
53 28.943396 5.132075
54 26.407407 5.092593
55 28.581818 5.163636
56 29.482143 4.928571
57 29.280702 4.877193
58 27.775862 5.017241
59 26.508475 5.169492
60 29.216667 4.916667
61 28.721311 5.032787
62 29.403226 5.000000
63 28.920635 4.904762
64 34.296875 5.421875
65 32.230769 5.030769
66 30.121212 5.469697
67 33.044776 5.358209
68 36.294118 5.367647
69 34.000000 5.449275
70 36.571429 5.500000
71 34.971831 5.309859
72 33.000000 5.041667
73 36.356164 5.328767
74 41.243243 5.594595
75 38.133333 5.533333
76 41.381579 5.473684
77 34.454545 5.350649
78 38.576923 5.692308
79 42.367089 5.265823
80 37.450000 5.500000
81 43.469136 5.567901
82 41.036585 5.463415
83 49.012048 5.590361
84 42.511905 5.619048
85 40.505882 5.600000
86 44.220930 5.732558
87 43.344828 5.643678
88 47.045455 5.613636
89 45.573034 5.764045
90 44.922222 5.677778
91 48.076923 5.802198
92 42.097826 5.923913
93 46.752688 5.677419
94 50.989362 5.595745
95 43.473684 5.747368
96 46.208333 5.708333
97 47.453608 5.639175
98 49.959184 5.877551
99 47.484848 5.656566
100 46.410000 5.960000
101 50.722772 5.712871
102 50.686275 5.803922
103 49.922330 5.951456
104 54.336538 5.826923
105 49.285714 6.076190
106 49.754717 5.849057
107 57.308411 5.794393
108 53.777778 6.120370
109 59.128440 5.917431
110 51.800000 6.045455
111 53.639640 5.792793
112 57.901786 5.866071
113 57.460177 5.973451
114 58.640351 6.061404
115 56.008696 6.095652
116 56.224138 6.146552
117 61.051282 5.888889
118 61.618644 5.974576
119 62.991597 5.924370
120 57.300000 6.100000
121 61.016529 5.884298
122 64.614754 6.180328
123 65.284553 6.186992
124 61.169355 6.000000
125 60.360000 5.976000
126 63.079365 5.936508
127 65.165354 6.047244
128 63.328125 6.031250
129 66.813953 6.069767
130 63.353846 5.961538
131 65.152672 6.015267
132 66.045455 6.007576
133 70.022556 6.360902
134 71.194030 6.179104
135 69.666667 6.177778
136 68.220588 6.080882
137 67.773723 6.138686
138 67.586957 6.355072
139 68.568345 6.230216
140 69.378571 6.057143
141 68.014184 6.141844
142 76.316901 6.316901
143 67.860140 6.258741
144 73.500000 6.368056
145 66.696552 6.089655
146 72.787671 6.335616
147 75.272109 6.163265
148 69.047297 6.229730
149 80.536913 6.335570
150 75.400000 6.406667
151 73.827815 6.470199
152 76.947368 6.243421
153 73.392157 6.535948
154 74.272727 6.357143
155 77.458065 6.393548
156 84.647436 6.493590
157 82.114650 6.464968
158 77.822785 6.531646
159 82.855346 6.364780
160 74.950000 6.506250
161 83.863354 6.565217
162 83.808642 6.543210
163 80.411043 6.404908
164 79.048780 6.213415
165 83.751515 6.418182
166 83.192771 6.560241
167 83.760479 6.532934
168 82.654762 6.500000
169 85.887574 6.414201
170 77.852941 6.558824
171 86.883041 6.298246
172 90.139535 6.593023
173 89.497110 6.734104
174 86.781609 6.563218
175 94.582857 6.731429
176 82.625000 6.613636
177 91.983051 6.610169
178 94.432584 6.713483
179 92.927374 6.748603
180 88.838889 6.538889
181 93.944751 6.596685
182 96.505495 6.598901
183 96.989071 6.792350
184 87.907609 6.494565
185 93.405405 6.675676
186 97.301075 6.801075
187 96.090909 6.641711
188 97.234043 6.654255
189 101.253968 6.730159
190 92.547368 6.673684
191 99.000000 6.801047
192 98.385417 6.729167
193 100.440415 6.782383
194 95.778351 6.680412
195 101.794872 6.753846
196 97.198980 6.852041
197 101.456853 6.675127
198 102.656566 6.717172
199 98.487437 6.577889
200 98.050000 6.735000
201 101.487562 6.820896
202 104.391089 6.866337
203 106.364532 6.807882
204 104.137255 6.946078
205 97.868293 6.800000
206 106.737864 6.699029
207 106.714976 6.913043
208 113.971154 6.673077
209 99.751196 6.803828
210 105.700000 6.871429
211 109.251185 6.701422
212 102.594340 6.797170
213 105.352113 6.990610
214 104.827103 6.883178
215 107.655814 6.851163
216 100.777778 6.800926
217 104.728111 6.843318
218 117.660550 6.733945
219 104.817352 7.159817
220 115.163636 7.022727
221 110.488688 6.850679
222 112.828829 6.968468
223 109.744395 6.910314
224 115.049107 7.044643
225 105.657778 6.951111
226 111.960177 6.840708
227 112.889868 6.806167
228 110.807018 6.890351
229 110.026201 6.917031
230 104.413043 6.934783
231 123.476190 6.809524
232 119.366379 6.922414
233 118.154506 6.905579
234 115.393162 6.944444
235 124.753191 7.102128
236 112.889831 6.889831
237 118.409283 6.945148
238 127.264706 7.096639
239 116.234310 6.907950
240 120.550000 7.037500
241 122.095436 6.958506
242 118.487603 7.078512
243 129.687243 7.032922
244 122.856557 6.889344
245 133.236735 6.873469
246 127.731707 7.032520
247 123.919028 6.886640
248 126.358871 7.016129
249 130.867470 6.927711
250 133.780000 7.104000
251 124.808765 6.976096
252 134.777778 7.095238
253 130.494071 7.027668
254 126.984252 6.980315
255 133.917647 7.125490
256 132.652344 6.960938
257 126.081712 7.054475
258 130.918605 7.135659
259 125.312741 7.077220
260 133.757692 6.930769
261 133.394636 7.157088
262 128.679389 7.099237
263 128.391635 7.038023
264 134.821970 7.140152
265 124.045283 7.109434
266 126.289474 7.090226
267 136.101124 7.187266
268 126.750000 7.253731
269 136.888476 7.208178
270 136.525926 7.037037
271 133.512915 7.191882
272 130.639706 7.312500
273 139.545788 7.223443
274 135.489051 7.251825
275 135.087273 7.163636
276 140.623188 7.119565
277 140.270758 7.057762
278 133.413669 7.262590
279 141.838710 7.154122
280 134.150000 7.117857
281 133.103203 7.309609
282 140.904255 7.322695
283 143.752650 7.257951
284 139.746479 7.088028
285 139.761404 7.336842
286 138.458042 7.213287
287 145.811847 7.163763
288 146.826389 7.100694
289 141.882353 7.107266
290 146.306897 7.137931
291 143.151203 7.185567
292 146.184932 7.239726
293 148.924915 7.160410
294 145.187075 7.312925
295 151.128814 7.342373
296 154.118243 7.300676
297 148.333333 7.282828
298 145.097315 7.463087
299 143.217391 7.401338
300 156.486667 7.393333
301 150.554817 7.375415
302 153.076159 7.317881
303 158.739274 7.323432
304 157.111842 7.194079
305 155.157377 7.472131
306 162.928105 7.310458
307 147.882736 7.397394
308 143.298701 7.366883
309 146.466019 7.355987
310 160.883871 7.303226
311 154.607717 7.276527
312 156.772436 7.285256
313 150.408946 7.396166
314 162.484076 7.519108
315 149.231746 7.209524
316 165.034810 7.534810
317 165.141956 7.397476
318 164.811321 7.342767
319 163.485893 7.451411
320 156.271875 7.400000
321 161.579439 7.383178
322 161.906832 7.391304
323 156.972136 7.396285
324 162.648148 7.530864
325 164.326154 7.415385
326 163.892638 7.521472
327 157.159021 7.330275
328 159.655488 7.429878
329 159.334347 7.410334
330 169.845455 7.490909
331 173.374622 7.404834
332 163.024096 7.617470
333 165.993994 7.441441
334 163.670659 7.464072
335 172.432836 7.429851
336 168.565476 7.574405
337 164.548961 7.448071
338 174.588757 7.443787
339 166.684366 7.592920
340 182.911765 7.582353
341 172.258065 7.580645
342 179.266082 7.596491
343 170.306122 7.483965
344 168.357558 7.619186
345 171.266667 7.521739
346 166.947977 7.433526
347 181.291066 7.527378
348 181.500000 7.522989
349 170.538682 7.515759
350 187.374286 7.565714
351 174.951567 7.646724
352 176.298295 7.471591
353 173.934844 7.543909
354 179.341808 7.522599
355 183.554930 7.436620
356 189.575843 7.570225
357 184.837535 7.551821
358 186.790503 7.608939
359 183.164345 7.593315
360 177.836111 7.611111
361 179.736842 7.576177
362 172.546961 7.508287
363 175.090909 7.680441
364 180.208791 7.711538
365 187.063014 7.767123
366 182.775956 7.663934
367 189.746594 7.762943
368 179.051630 7.554348
369 189.311653 7.596206
370 182.632432 7.654054
371 192.339623 7.681941
372 182.607527 7.666667
373 172.855228 7.619303
374 182.860963 7.604278
375 186.053333 7.592000
376 183.457447 7.773936
377 184.716180 7.660477
378 191.997354 7.600529
379 179.459103 7.680739
380 191.292105 7.865789
381 193.404199 7.656168
382 186.513089 7.837696
383 191.221932 7.616188
384 200.408854 7.747396
385 192.579221 7.555844
386 193.588083 7.857513
387 197.731266 7.679587
388 196.806701 7.530928
389 192.064267 7.802057
390 202.164103 7.741026
391 197.076726 7.728900
392 193.461735 7.869898
393 210.664122 7.679389
394 195.609137 7.619289
395 189.037975 7.777215
396 201.648990 7.712121
397 189.130982 7.652393
398 194.296482 7.733668
399 194.398496 7.681704
400 189.585000 7.635000
401 200.546135 7.770574
402 204.651741 7.800995
403 206.990074 7.707196
404 214.242574 7.844059
405 207.251852 7.733333
406 197.475369 7.645320
407 213.751843 7.742015
408 200.247549 7.786765
409 214.097800 7.819071
410 195.075610 7.858537
411 198.270073 7.807786
412 216.410194 7.711165
413 205.288136 7.779661
414 207.002415 7.821256
415 206.228916 7.686747
416 211.656250 7.855769
417 212.266187 7.700240
418 222.724880 7.779904
419 214.945107 7.789976
420 201.728571 7.938095
421 212.109264 7.814727
422 218.642180 7.886256
423 212.165485 7.784870
424 218.082547 7.827830
425 223.308235 7.818824
426 225.852113 7.823944
427 216.744731 7.758782
428 220.401869 7.901869
429 214.020979 7.811189
430 213.976744 7.927907
431 219.234339 7.802784
432 215.030093 7.731481
433 215.870670 7.847575
434 218.239631 7.776498
435 203.655172 7.726437
436 208.926606 7.938073
437 222.320366 7.910755
438 217.595890 7.751142
439 224.820046 7.808656
440 227.731818 7.909091
441 214.553288 7.866213
442 208.744344 7.950226
443 223.316027 7.884876
444 213.799550 7.952703
445 233.579775 7.934831
446 224.273543 7.867713
447 220.429530 7.919463
448 226.214286 7.879464
449 220.750557 7.866370
450 219.691111 7.866667
451 222.793792 7.931264
452 227.780973 7.871681
453 221.686534 7.894040
454 219.662996 7.969163
455 236.712088 7.920879
456 216.866228 7.984649
457 227.452954 7.888403
458 234.388646 7.934498
459 223.758170 7.969499
460 229.047826 7.936957
461 228.772234 7.887202
462 231.257576 7.971861
463 235.654428 7.974082
464 236.474138 7.862069
465 227.238710 7.907527
466 237.296137 7.819742
467 234.055675 7.920771
468 241.709402 7.899573
469 235.882729 7.970149
470 235.727660 7.848936
471 240.138004 8.074310
472 240.478814 7.904661
473 228.566596 7.972516
474 245.877637 7.921941
475 240.351579 7.928421
476 238.911765 7.905462
477 239.075472 7.997904
478 250.569038 7.887029
479 234.179541 7.972860
480 233.720833 7.995833
481 238.301455 7.935551
482 237.172199 8.014523
483 249.937888 7.979296
484 248.671488 7.997934
485 239.088660 8.086598
486 240.541152 8.067901
487 246.036961 7.944559
488 238.918033 7.987705
489 245.869121 7.940695
490 243.136735 8.040816
491 251.193483 7.947047
492 245.288618 8.010163
493 252.776876 8.091278
494 242.078947 7.939271
495 258.010101 7.977778
496 249.294355 7.985887
497 235.931590 7.973843
498 251.054217 8.054217
499 244.925852 7.951904
500 243.936000 7.908000
501 250.962076 8.001996
502 256.790837 8.037849
503 252.131213 7.912525
504 268.055556 7.974206
505 255.390099 7.962376
506 265.867589 7.958498
507 247.019724 8.047337
508 249.809055 7.998031
509 253.978389 7.939096
510 260.092157 8.025490
511 258.524462 8.076321
512 245.619141 8.005859
513 256.614035 7.947368
514 251.330739 8.087549
515 266.559223 8.163107
516 261.777132 8.063953
517 255.352031 8.044487
518 257.945946 7.949807
519 255.585742 8.184971
520 251.709615 8.078846
521 269.380038 7.973129
522 262.208812 8.001916
523 277.321224 8.124283
524 266.272901 8.089695
525 263.889524 7.963810
526 268.043726 8.032319
527 256.360531 8.153700
528 258.486742 8.183712
529 265.701323 8.245747
530 279.433962 8.181132
531 266.854991 8.101695
532 251.347744 8.062030
533 276.446529 8.009381
534 275.810861 8.217228
535 265.007477 8.056075
536 261.761194 8.199627
537 274.882682 8.078212
538 273.066914 8.053903
539 267.575139 8.153989
540 269.094444 8.179630
541 281.356747 8.009242
542 263.774908 8.116236
543 274.344383 8.156538
544 258.983456 8.198529
545 268.847706 8.113761
546 261.721612 8.102564
547 270.193784 8.201097
548 278.658759 8.158759
549 284.486339 8.163934
550 275.143636 8.140000
551 269.034483 8.159710
552 272.990942 8.262681
553 270.511754 8.079566
554 283.649819 8.045126
555 273.747748 8.210811
556 275.836331 8.239209
557 291.536804 8.228007
558 272.600358 8.177419
559 280.493739 8.184258
560 268.594643 8.228571
561 280.190731 8.158645
562 276.313167 8.147687
563 273.895204 8.287744
564 288.079787 8.189716
565 286.451327 8.219469
566 278.560071 8.227915
567 279.315697 8.153439
568 277.364437 8.292254
569 278.775044 8.163445
570 283.233333 8.180702
571 288.441331 8.259194
572 283.592657 8.234266
573 288.270506 8.216405
574 284.681185 8.301394
575 293.699130 8.264348
576 286.175347 8.201389
577 307.705373 8.310225
578 287.610727 8.226644
579 289.813472 8.267703
580 284.779310 8.200000
581 287.927711 8.222031
582 298.936426 8.286942
583 299.624357 8.379074
584 297.996575 8.297945
585 286.608547 8.189744
586 294.805461 8.387372
587 304.790460 8.279387
588 299.867347 8.251701
589 303.760611 8.363328
590 277.577966 8.222034
591 280.915398 8.302876
592 295.934122 8.298986
593 294.296796 8.214165
594 300.609428 8.313131
595 301.532773 8.384874
596 280.880872 8.213087
597 307.273032 8.319933
598 310.491639 8.352843
599 298.495826 8.322204
600 310.983333 8.296667
601 295.945092 8.222962
602 296.813953 8.313953
603 289.366501 8.363184
604 296.026490 8.342715
605 304.347107 8.395041
606 295.679868 8.346535
607 300.439868 8.261944
608 307.625000 8.396382
609 305.737274 8.376026
610 298.352459 8.400000
611 305.991817 8.240589
612 305.717320 8.480392
613 311.117455 8.345840
614 317.146580 8.371336
615 302.443902 8.406504
616 313.738636 8.371753
617 308.252836 8.403566
618 307.116505 8.334951
619 294.602585 8.340872
620 311.006452 8.361290
621 317.431562 8.376812
622 301.545016 8.368167
623 296.759230 8.346709
624 323.883013 8.429487
625 312.812800 8.392000
626 307.277955 8.327476
627 301.384370 8.366826
628 321.020701 8.359873
629 317.732909 8.354531
630 305.469841 8.253968
631 310.835182 8.513471
632 311.275316 8.522152
633 328.134281 8.467615
634 314.285489 8.417981
635 308.746457 8.511811
636 313.602201 8.405660
637 321.500785 8.425432
638 313.479624 8.318182
639 325.316119 8.431925
640 317.421875 8.512500
641 317.516381 8.396256
642 319.633956 8.496885
643 313.682737 8.477449
644 330.711180 8.425466
645 330.097674 8.458915
646 314.551084 8.405573
647 325.083462 8.469861
648 322.609568 8.447531
649 319.839753 8.397535
650 332.240000 8.427692
651 323.445469 8.368664
652 333.271472 8.328221
653 321.920368 8.491577
654 334.053517 8.446483
655 329.331298 8.433588
656 324.219512 8.445122
657 342.015221 8.471842
658 329.858663 8.420973
659 343.121396 8.487102
660 332.256061 8.489394
661 332.596067 8.556732
662 336.324773 8.462236
663 328.205128 8.399698
664 339.551205 8.358434
665 337.389474 8.575940
666 331.812312 8.528529
667 331.547226 8.377811
668 344.287425 8.568862
669 321.985052 8.536622
670 337.888060 8.462687
671 329.110283 8.518629
672 346.613095 8.522321
673 339.561664 8.468053
674 335.405045 8.504451
675 342.146667 8.570370
676 341.210059 8.492604
677 334.546529 8.598227
678 337.792035 8.554572
679 340.304860 8.505155
680 344.614706 8.527941
681 337.196769 8.631424
682 344.259531 8.567449
683 342.756955 8.522694
684 327.966374 8.498538
685 349.348905 8.592701
686 336.109329 8.470845
687 343.181951 8.576419
688 343.424419 8.502907
689 353.477504 8.455733
690 343.173913 8.430435
691 354.243126 8.512301
692 356.781792 8.560694
693 344.632035 8.584416
694 356.523055 8.511527
695 352.670504 8.568345
696 345.202586 8.489943
697 361.837877 8.571019
698 366.508596 8.492837
699 346.442060 8.502146
700 344.528571 8.544286
701 357.443652 8.533524
702 346.799145 8.564103
703 358.368421 8.596017
704 369.696023 8.680398
705 356.163121 8.564539
706 345.378187 8.580737
707 342.093352 8.584158
708 341.718927 8.548023
709 357.954866 8.671368
710 340.985915 8.625352
711 363.521800 8.661041
712 354.436798 8.575843
713 359.223001 8.639551
714 347.609244 8.570028
715 350.240559 8.558042
716 364.877095 8.520950
717 359.949791 8.602510
718 365.317549 8.593315
719 367.432545 8.595271
720 363.802778 8.633333
721 338.287101 8.589459
722 368.977839 8.724377
723 363.008299 8.575380
724 351.294199 8.650552
725 361.571034 8.602759
726 374.378788 8.625344
727 355.272352 8.580468
728 372.020604 8.630495
729 369.138546 8.572016
730 372.253425 8.698630
731 368.953488 8.632011
732 368.349727 8.654372
733 360.672578 8.529332
734 374.459128 8.636240
735 373.919728 8.623129
736 363.876359 8.657609
737 369.898236 8.617368
738 364.329268 8.663957
739 379.774019 8.669824
740 372.509459 8.682432
741 381.403509 8.669366
742 381.181941 8.707547
743 372.331090 8.655451
744 362.282258 8.670699
745 372.853691 8.683221
746 380.041555 8.651475
747 366.714859 8.666667
748 377.664439 8.748663
749 371.516689 8.632844
750 382.574667 8.621333
751 369.809587 8.679095
752 367.636968 8.626330
753 373.629482 8.681275
754 382.190981 8.734748
755 367.919205 8.635762
756 367.759259 8.539683
757 379.215324 8.665786
758 380.386544 8.658311
759 376.745718 8.653491
760 374.118421 8.659211
761 371.465177 8.612352
762 377.207349 8.646982
763 388.828309 8.629096
764 387.967277 8.616492
765 373.856209 8.641830
766 385.288512 8.596606
767 376.685789 8.715776
768 374.373698 8.608073
769 390.058518 8.730819
770 381.022078 8.703896
771 395.495460 8.683528
772 387.784974 8.713731
773 392.047865 8.685640
774 388.603359 8.638243
775 385.472258 8.778065
776 398.782216 8.735825
777 390.306306 8.696268
778 379.132391 8.685090
779 400.437741 8.648267
780 402.273077 8.693590
781 396.083227 8.622279
782 401.092072 8.691816
783 387.521073 8.706258
784 384.228316 8.751276
785 402.518471 8.653503
786 390.970738 8.713740
787 375.601017 8.715375
788 388.044416 8.668782
789 397.980989 8.755387
790 391.970886 8.754430
791 397.776233 8.690265
792 387.770202 8.738636
793 392.006305 8.717528
794 407.856423 8.743073
795 393.644025 8.641509
796 391.226131 8.832915
797 409.961104 8.693852
798 393.409774 8.804511
799 400.127660 8.780976
800 396.892500 8.772500
801 396.946317 8.694132
802 411.704489 8.662095
803 389.341220 8.722291
804 400.227612 8.677861
805 401.762733 8.745342
806 410.209677 8.725806
807 403.239157 8.773234
808 411.535891 8.794554
809 402.993820 8.715698
810 412.028395 8.755556
811 405.785450 8.791615
812 405.556650 8.663793
813 390.409594 8.822878
814 412.791155 8.724816
815 420.682209 8.738650
816 406.180147 8.841912
817 405.105263 8.717258
818 423.254279 8.717604
819 411.052503 8.711844
820 397.421951 8.764634
821 414.029233 8.795371
822 412.664234 8.794404
823 422.159174 8.719320
824 425.731796 8.793689
825 416.951515 8.860606
826 408.081114 8.792978
827 410.667473 8.773881
828 408.928744 8.809179
829 413.746683 8.753920
830 407.457831 8.825301
831 403.070999 8.653430
832 424.701923 8.823317
833 404.427371 8.847539
834 423.256595 8.709832
835 422.110180 8.734132
836 415.089713 8.754785
837 428.951016 8.789725
838 411.464200 8.800716
839 398.160906 8.879619
840 412.433333 8.817857
841 424.746730 8.750297
842 429.997625 8.876485
843 422.139976 8.735469
844 444.533175 8.778436
845 428.130178 8.841420
846 436.877069 8.881797
847 430.219599 8.769776
848 419.767689 8.772406
849 422.160188 8.769140
850 421.669412 8.871765
851 417.628672 8.796710
852 429.947183 8.779343
853 436.019930 8.736225
854 432.083138 8.839578
855 436.101754 8.833918
856 418.026869 8.800234
857 416.158693 8.782964
858 427.530303 8.813520
859 440.298021 8.734575
860 428.268605 8.779070
861 432.737515 8.847851
862 432.134571 8.860789
863 435.811124 8.805330
864 421.861111 8.837963
865 441.469364 8.827746
866 439.160508 8.876443
867 443.224913 8.814302
868 436.960829 8.732719
869 441.993096 8.795167
870 447.919540 8.754023
871 431.854191 8.778416
872 430.750000 8.856651
873 435.538373 8.888889
874 428.025172 8.854691
875 436.283429 8.928000
876 434.485160 8.866438
877 447.556442 8.843786
878 445.428246 8.832574
879 430.527873 8.806598
880 438.645455 8.909091
881 438.936436 8.834279
882 435.071429 8.925170
883 454.810872 8.861835
884 436.302036 8.877828
885 436.711864 8.786441
886 446.435666 8.911964
887 445.546787 8.846674
888 448.470721 8.774775
889 440.744657 8.836895
890 436.264045 8.893258
891 447.053872 8.885522
892 436.644619 8.815022
893 444.141097 8.874580
894 450.057047 8.844519
895 446.826816 8.846927
896 450.316964 8.762277
897 449.158305 8.850613
898 449.789532 8.885301
899 454.000000 8.765295
900 452.288889 8.805556
901 464.068812 8.886792
902 455.198448 8.767184
903 457.657807 8.871539
904 457.057522 8.892699
905 448.027624 8.928177
906 460.881898 8.844371
907 457.911797 8.902977
908 455.331498 8.814978
909 446.757976 8.848185
910 452.940659 8.907692
911 438.570801 8.852909
912 448.025219 8.905702
913 444.767798 9.016429
914 464.641138 8.887309
915 463.034973 8.856831
916 466.936681 8.917031
917 459.018539 8.883315
918 463.631808 8.882353
919 478.092492 8.941240
920 443.196739 8.940217
921 456.380022 8.937025
922 465.580260 8.904555
923 462.027086 8.842904
924 456.319264 8.889610
925 459.231351 8.964324
926 478.542117 8.944924
927 470.275081 8.932039
928 472.159483 8.901940
929 480.717976 8.942949
930 461.406452 8.869892
931 480.541353 8.874329
932 467.517167 8.805794
933 479.764202 8.914255
934 465.466809 8.870450
935 465.239572 8.945455
936 476.775641 8.853632
937 479.389541 9.002134
938 458.221748 8.877399
939 470.840256 8.924388
940 464.048936 8.956383
941 489.170032 8.902232
942 480.148620 8.898089
943 480.235419 8.916225
944 468.519068 8.968220
945 493.111111 8.899471
946 478.392178 8.960888
947 469.669483 8.902851
948 463.739451 8.944093
949 470.097998 8.923077
950 475.494737 9.037895
951 477.118822 8.967403
952 468.101891 8.987395
953 477.751312 8.990556
954 485.765199 8.850105
955 491.058639 8.940314
956 485.288703 8.991632
957 464.986416 9.024033
958 479.419624 8.933194
959 469.744526 8.961418
960 480.442708 8.907292
961 481.400624 8.940687
962 472.706861 8.990644
963 473.789200 8.934579
964 457.341286 9.014523
965 463.876684 8.996891
966 489.630435 8.888199
967 496.822130 8.966908
968 487.092975 8.900826
969 484.400413 8.943240
970 487.179381 8.957732
971 496.094748 8.985582
972 480.036008 8.884774
973 494.041110 8.952724
974 472.997947 8.964066
975 484.195897 8.865641
976 495.222336 9.022541
977 471.681679 8.963153
978 497.606339 9.057260
979 480.824311 8.961185
980 485.353061 8.946939
981 499.277268 8.984709
982 465.829939 8.952138
983 482.617497 9.062055
984 487.644309 9.009146
985 505.273096 8.986802
986 485.620690 8.994929
987 492.127660 8.898683
988 487.604251 8.942308
989 485.265925 8.901921
990 494.724242 8.941414
991 492.964682 8.995964
992 522.247984 8.991935
993 494.281974 8.951662
994 498.967807 8.952716
995 501.926633 8.932663
996 508.992972 8.989960
997 495.713139 9.000000
998 507.819639 9.025050
999 496.784785 9.089089
1000 502.623000 8.987000
